2 1 0.00033101734443219427
2 41 0.00033101703057663234
2 81 0.00033101710427817395
2 121 0.0003310169525064359
2 161 0.00033101701595042747
2 201 0.0003310169437283349
2 241 0.0003310172597555542
2 281 0.0003310170101010124
2 321 0.0003310172148300154
2 361 0.0003310172333454407
2 401 0.00033101726305150746
2 441 0.0003310171695183656
2 481 0.0003310172345115187
2 521 0.0003310174101596229
2 561 0.000331017181796884
2 601 0.0003310170816844193
2 641 0.0003310172800397055
2 681 0.00033101723407047846
2 721 0.000331016955330081
2 761 0.0003310170326774616
2 801 0.00033101704827825934
2 841 0.0003310171877710075
2 881 0.0003310174132384328
2 921 0.00033101754109189397
2 961 0.00033101739834848556
3 1 1.3320583380667697e-5
3 41 1.3321015986825779e-5
3 81 1.332064293608323e-5
3 121 1.3321614928434729e-5
3 161 1.3320744885134747e-5
3 201 1.3320773064796959e-5
3 241 1.3320597896569478e-5
3 281 1.3320880612593235e-5
3 321 1.3320550452280541e-5
3 361 1.332054175983227e-5
3 401 1.3320523582478612e-5
3 441 1.3320565544407415e-5
3 481 1.3320552929802433e-5
3 521 1.332075561537633e-5
3 561 1.3320587110448477e-5
3 601 1.3320551021106867e-5
3 641 1.3320508731157718e-5
3 681 1.3320539154875513e-5
3 721 1.3320819634376096e-5
3 761 1.33207786604264e-5
3 801 1.332056079025684e-5
3 841 1.3320563031917499e-5
3 881 1.3320807862030842e-5
3 921 1.3320650134137351e-5
3 961 1.3320662902531717e-5
4 1 0.0010594284348677046
4 41 0.0010594284369286275
4 81 0.0010594284920435542
4 121 0.001059428375039162
4 161 0.0010594284390789586
4 201 0.0010594283084935055
4 241 0.0010594284034465935
4 281 0.0010594284057870882
4 321 0.0031276400264649788
4 361 0.0010594287148722333
4 401 0.0010594297541602108
4 441 0.0010594423938105914
4 481 0.0010594283887661827
4 521 0.0010594284491154886
4 561 0.0010594284721558212
4 601 0.001059428671712868
4 641 0.001059432631565563
4 681 0.001059428849098673
4 721 0.0010594283236777077
4 761 0.001059428477275274
4 801 0.0010594285300927833
4 841 0.0010594286008615123
4 881 0.0010594284735893267
4 921 0.0010594296795206236
4 961 0.0010594288960751434
5 1 0.002949591205937352
5 41 0.002949585613915323
5 81 0.0029495859245873028
5 121 0.0029495856108238626
5 161 0.0029495857010943616
5 201 0.002949585548339857
5 241 0.0029496031291507637
5 281 0.0029495855973833036
5 321 0.23015930219412079
5 361 0.002951349185111193
5 401 0.002949598258106075
5 441 0.002949647600673946
5 481 0.0029496146903961315
5 521 0.0029495920261086573
5 561 0.0029495881052606144
5 601 0.0029495864382850915
5 641 0.07491512129488252
5 681 0.0029497904885908755
5 721 0.002949585569200515
5 761 0.002949585746796945
5 801 0.002949586127166177
5 841 0.0029495879457546717
5 881 0.0029495987528975467
5 921 0.0029496231751536335
5 961 0.0029495911038485358
6 1 0.0011347259712694313
6 41 0.0011347227965538879
6 81 0.0011347292724572396
6 121 0.001134722935409745
6 161 0.0011347226297046503
6 201 0.0011347224894359387
6 241 0.0011347241727859621
6 281 0.0011347227539836664
6 321 0.004980925213886283
6 361 0.0011347571096994018
6 401 0.0011348108565505308
6 441 0.004309534173334366
6 481 0.0011365340458714722
6 521 0.001134723249509039
6 561 0.0011347575931606121
6 601 0.0011347262793317307
6 641 0.0011347608723703737
6 681 0.0011349909381845149
6 721 0.0011347224988630257
6 761 0.0011347226676604177
6 801 0.0011347287371151651
6 841 0.0011347447227849526
6 881 0.001134723366240099
6 921 0.0011352462503093003
6 961 0.0011347959613378863
7 1 0.004068789828962036
7 41 0.004068761065685432
7 81 0.004068766324667999
7 121 0.004068759613408161
7 161 0.004068758848579924
7 201 0.0040687586486759545
7 241 0.004068785751989626
7 281 0.004068760812949824
7 321 0.13240101310680924
7 361 0.08014624283028433
7 401 0.004070120738309704
7 441 0.004068916012699841
7 481 0.004070658870866946
7 521 0.004068772912355685
7 561 0.004068830268218453
7 601 0.004068783008074158
7 641 0.04003247435591441
7 681 0.00406931564900928
7 721 0.004068758653185119
7 761 0.00406875889202715
7 801 0.004068789663428617
7 841 0.013175744173373811
7 881 0.004068824930983538
7 921 0.14989548467400216
7 961 0.004069291240127424
8 1 0.0007931199979241294
8 41 0.0007931218091650925
8 81 0.0007931259378930372
8 121 0.0007931289033945752
8 161 0.0007931156509583155
8 201 0.0007931151826943002
8 241 0.0007931163161160295
8 281 0.0007931204716462561
8 321 0.0007931610205063349
8 361 0.0007933244214182187
8 401 0.000793523272162321
8 441 0.0007931165801536747
8 481 0.0007935398126606558
8 521 0.0007931728424974394
8 561 0.0007931203538611224
8 601 0.0007931297399266008
8 641 0.0007933474458425622
8 681 0.0008026707243304288
8 721 0.000793115200282075
8 761 0.0007931157232861965
8 801 0.0007931365471441871
8 841 0.0007931302051326092
8 881 0.0007931307578444666
8 921 0.0007940541526325215
8 961 0.0007931407469322036
9 1 0.0017137318989553572
9 41 0.0017137411318210443
9 81 0.00171738878710836
9 121 0.0017137418306742396
9 161 0.0017137316845668767
9 201 0.001713727914566496
9 241 0.0017137286791352802
9 281 0.0017137407296424173
9 321 0.024307917376427256
9 361 0.0017147058514196537
9 401 0.0017159969138571922
9 441 0.0017137279260734867
9 481 0.008988529484156118
9 521 0.0017137870653755366
9 561 0.0017137330823372972
9 601 0.0017137286898751291
9 641 0.0017144062443310171
9 681 0.0017416487627946297
9 721 0.0017137279320780057
9 761 0.0017137308291065667
9 801 0.0017137298481425965
9 841 0.0017139403539052425
9 881 0.0017145718085012376
9 921 0.19554637270465772
9 961 0.0017157970590441383
10 1 0.00065582560550325
10 41 0.000448940230175205
10 81 0.0004484879761577519
10 121 0.00044824160971606474
10 161 0.006338724845595927
10 201 0.0004480368717321457
10 241 0.0004482310587161557
10 281 0.00044858096011718554
10 321 0.00044815607823306527
10 361 0.00048804341676692535
10 401 0.0005041306038593264
10 441 0.00044803195722624135
10 481 0.00048324647303228706
10 521 0.0004489316447279897
10 561 0.00044918408274753716
10 601 0.0004480320490746289
10 641 0.00045048373339460877
10 681 0.0005797194257208532
10 721 0.000448037268923107
10 761 0.0004482725852296252
10 801 0.00044804107406300105
10 841 0.003618894920027817
10 881 0.0004535513391640347
10 921 0.011922636528913184
10 961 0.0004494863873044989
11 1 0.0011873002173839152
11 41 0.0011446472291086144
11 81 0.0011441059689778269
11 121 0.002257092235300245
11 161 0.23159026910395372
11 201 0.0011441102494895473
11 241 0.0011442059071962501
11 281 0.0011509651147601169
11 321 0.012210430744746526
11 361 0.0011714536570066572
11 401 0.001190465032314289
11 441 0.0011439192707543508
11 481 0.0012126932827740656
11 521 0.02902616470410683
11 561 0.0011444454675881947
11 601 0.0011439194630141656
11 641 0.0011441625933827164
11 681 0.0012252872933100306
11 721 0.001144171045824196
11 761 0.0011442104109452582
11 801 0.0011439927710966585
11 841 0.0011443525918895206
11 881 0.0011820848973330851
11 921 0.34122671772026725
11 961 0.0012077194908749402
12 1 0.00045224389223828566
12 41 0.00024263430461253196
12 81 0.00024879721487398296
12 121 0.03063887517092461
12 161 0.026929428113945837
12 201 0.0002432964068037871
12 241 0.00024323224984092629
12 281 0.00024291112965214238
12 321 0.006743017440018187
12 361 0.0033123915298819886
12 401 0.00042043633742272664
12 441 0.00024253898968574055
12 481 0.000754483152331616
12 521 0.004068587264758235
12 561 0.00024382804825558502
12 601 0.0002425629589099271
12 641 0.0002941912040403284
12 681 0.0015392131755558648
12 721 0.0002445452095643416
12 761 0.00024380264903684447
12 801 0.00024255503327920435
12 841 0.002259039265259849
12 881 0.0002558662921485875
12 921 0.02799954088122858
12 961 0.00029134240144134305
13 1 0.0017769608058019939
13 41 0.0017676138344778637
13 81 0.0017721245553142093
13 121 0.10007496915887608
13 161 0.35142375164784884
13 201 0.0017678674114702687
13 241 0.0017684507573683635
13 281 0.0017678375983305853
13 321 0.022341853220998124
13 361 0.0018843631293672671
13 401 0.0019193008178309053
13 441 0.0017675438088637866
13 481 0.0028648441659379765
13 521 0.019741319154081147
13 561 0.00785186164365349
13 601 0.001767558610987618
13 641 0.0018082657376639743
13 681 0.009303191056012128
13 721 0.0017679419008836503
13 761 0.0018659931880240057
13 801 0.0017675549355719944
13 841 0.011950420089925128
13 881 0.0017684557573551649
13 921 0.21370686275092005
13 961 0.2694685601852636
14 1 0.0008118331158868077
14 41 0.00044350737107121525
14 81 0.0004438744351693114
14 121 0.0004438413085549528
14 161 0.07501457443178418
14 201 0.0004438420417407322
14 241 0.00047566356440564123
14 281 0.0004436904151719365
14 321 0.005574036521876892
14 361 0.05743522750358072
14 401 0.04254933342597857
14 441 0.00044343525514785933
14 481 0.0004912676537446677
14 521 0.013638180920116712
14 561 0.00044433077054175285
14 601 0.00044343589501989045
14 641 0.0004435310202523739
14 681 0.0005353151331050747
14 721 0.0013713283591200779
14 761 0.0004439471046786756
14 801 0.00044346941493307064
14 841 0.00044373566341898696
14 881 0.00044479358314661826
14 921 0.024627389590231835
14 961 0.02134360879997073
15 1 0.0034143815848079575
15 41 0.00035116234531494073
15 81 0.0008173293794122351
15 121 0.00043828184937923014
15 161 0.0024112966650659505
15 201 0.0005196921011644693
15 241 0.0006319988463053715
15 281 0.00038279806266708935
15 321 0.0014458963607713452
15 361 0.00214702653371925
15 401 0.005453773047520243
15 441 0.0003839728024924604
15 481 0.0017360547347169612
15 521 0.009079388711284785
15 561 0.00037534067714461154
15 601 0.00041230968568306916
15 641 0.00034390584987681734
15 681 0.0017354518988542398
15 721 0.00684851368811818
15 761 0.00035379936837112155
15 801 0.0003488750605249162
15 841 0.0012929039296545614
15 881 0.0004048091090324186
15 921 0.018831580526893932
15 961 0.04459155869647248
16 1 0.002204186962079578
16 41 0.0008909727498780454
16 81 0.001544721115561717
16 121 0.00035734429960303666
16 161 0.0524713624763916
16 201 0.0002866241518838347
16 241 0.0009064740422791433
16 281 0.0003203066708789342
16 321 0.0019236196493113205
16 361 0.0022968302376783086
16 401 0.004727812800212228
16 441 0.0003711674279491843
16 481 0.001617926115150392
16 521 0.0007052387431329324
16 561 0.0003012199907821639
16 601 0.0005401435725878091
16 641 0.00031075322810709727
16 681 0.0015376059852055953
16 721 0.0017149044076348644
16 761 0.0003022304421969712
16 801 0.0002965385104119169
16 841 0.0005504042300401293
16 881 0.00028660000139251384
16 921 0.01482883341948621
16 961 0.039658689097964474
17 1 0.0015407879108933168
17 41 0.0015407617712452526
17 81 0.0015409414918897424
17 121 0.0015407681195438634
17 161 0.2081593671185709
17 201 0.0015407582400001729
17 241 0.0020132453839527315
17 281 0.0015407666606870353
17 321 0.035627872101236226
17 361 0.15204537334416485
17 401 0.0015433936411149865
17 441 0.001541392749526593
17 481 0.0015418941625948033
17 521 0.0015408096663423855
17 561 0.0015407594232457681
17 601 0.010805508564344906
17 641 0.0015408312117826857
17 681 0.0015436458727821334
17 721 0.03471409117437538
17 761 0.0015407588002799872
17 801 0.0015407583380290912
17 841 0.008027679433187308
17 881 0.0015407678418491674
17 921 0.0282739638450156
17 961 0.1609069729429007
18 1 0.00039661211530722705
18 41 0.00039598119921982467
18 81 0.00039597732224504884
18 121 0.005030697799284493
18 161 0.059780767356230405
18 201 0.000395976837334475
18 241 0.00039773502683963704
18 281 0.001395471968808903
18 321 0.011746734418097274
18 361 0.03911647265403566
18 401 0.00041524416472017044
18 441 0.0003961924010341705
18 481 0.0014327189903452417
18 521 0.0003960243435620349
18 561 0.0003959859291827768
18 601 0.0003960109011275657
18 641 0.00039716409862914167
18 681 0.00040856272899638296
18 721 0.00039597695179295855
18 761 0.0003959770621336059
18 801 0.00039597723011881034
18 841 0.0025269122832011657
18 881 0.0003960146269298803
18 921 0.010547663249383794
18 961 0.03843567942035894
19 1 0.007130031668739521
19 41 0.0023671885766158576
19 81 0.0015078422840425895
19 121 0.017126555388721234
19 161 0.04393388991910149
19 201 0.0012498702661704704
19 241 0.00586697529471597
19 281 0.0018633898594031043
19 321 0.030859211964163465
19 361 0.011657721097693998
19 401 0.021768527809747095
19 441 0.0017534635559946672
19 481 0.006031963465805177
19 521 0.0012964058268091715
19 561 0.0019513416108724107
19 601 0.007232699268270702
19 641 0.00211282685782694
19 681 0.007093991456158838
19 721 0.001290591578019401
19 761 0.0014577360823921012
19 801 0.0026543091478640423
19 841 0.00815743826763872
19 881 0.001347650912812965
19 921 0.1263710777901929
19 961 0.13228115727736126
20 1 0.0010009493106039877
20 41 0.0007884523583320175
20 81 0.0005618882198768275
20 121 0.009686407754878987
20 161 0.002699502333729988
20 201 0.0003621312854966758
20 241 0.0011238974058125413
20 281 0.0010681098019319193
20 321 0.007483715474437919
20 361 0.002785513686351764
20 401 0.005963310148904596
20 441 0.0004369519237670568
20 481 0.0015080467126621553
20 521 0.0003488562554521599
20 561 0.0003819866964261207
20 601 0.0011187361645217703
20 641 0.0006029773953470424
20 681 0.0018466478560425622
20 721 0.00041539920366554905
20 761 0.0006385161288986994
20 801 0.0007336740341346434
20 841 0.0028469868594006714
20 881 0.00035393986873547505
20 921 0.01936282621373365
20 961 0.0050550613934248895
21 1 0.00130700704162808
21 41 0.0010050966858589092
21 81 0.00038127336829422623
21 121 0.008440356804311685
21 161 0.0014084443154402714
21 201 0.00029973323475144777
21 241 0.0013423626268667947
21 281 0.0009364043608395476
21 321 0.006386848163822019
21 361 0.002158516365382013
21 401 0.00449324898089275
21 441 0.0003456652613004715
21 481 0.0013807480338578057
21 521 0.0002876959708520046
21 561 0.0003302161682780117
21 601 0.0009686484552075293
21 641 0.0007710588359628739
21 681 0.0015631146349847488
21 721 0.00037685734977829343
21 761 0.002670654982460559
21 801 0.0006661806010687797
21 841 0.0020062541287994055
21 881 0.0003196666813460415
21 921 0.012777401825419579
21 961 0.006734214881329528
22 1 0.0013698076557922352
22 41 0.0013867597672832142
22 81 0.000737598694374437
22 121 0.00939615683192021
22 161 0.0010213000128799989
22 201 0.00033558867314214435
22 241 0.0017131251574380132
22 281 0.001183815372295654
22 321 0.008043270280517987
22 361 0.0027024065839075305
22 401 0.00566952036184281
22 441 0.0003814240901943413
22 481 0.001671141417729068
22 521 0.00041916775667027675
22 561 0.00037591975068108295
22 601 0.0011617727280028877
22 641 0.0012119614800830969
22 681 0.0020303662989254734
22 721 0.0004900805816793062
22 761 0.004529663225429878
22 801 0.0008340872344125758
22 841 0.0026393244267569815
22 881 0.00041622881246542354
22 921 0.013729401613135486
22 961 0.015040083792139742
23 1 0.004391371093629711
23 41 0.005105731134683579
23 81 0.0036401097315234567
23 121 0.03954331912952975
23 161 0.009211757203316809
23 201 0.0010735655160851363
23 241 0.007587108952332529
23 281 0.004124563830311705
23 321 0.03040493457138009
23 361 0.010313389896215481
23 401 0.020889084965910465
23 441 0.0011571238186768433
23 481 0.006040505334546971
23 521 0.0015191233691105432
23 561 0.0013349969239869813
23 601 0.0038061783798965863
23 641 0.0027332230568366087
23 681 0.007538784070390605
23 721 0.0021027518316649643
23 761 0.016601987861211757
23 801 0.0028979922638380793
23 841 0.008701804624836471
23 881 0.0013358347996566449
23 921 0.03273019111548612
23 961 0.06955139806350813
24 1 0.0012890200202692837
24 41 0.002279016352940009
24 81 0.0011587207697155856
24 121 0.010951719850537235
24 161 0.005439301205776406
24 201 0.00030729712115546174
24 241 0.002424461579332127
24 281 0.0011420677408788074
24 321 0.009122764358290745
24 361 0.002881815008014089
24 401 0.005997045517911766
24 441 0.0002996237374875115
24 481 0.0017511873593311646
24 521 0.00048778040042285616
24 561 0.0005026582095684449
24 601 0.0010982180485565344
24 641 0.0008085326622944133
24 681 0.002207112162905362
24 721 0.0009297954414113822
24 761 0.0046763010479747595
24 801 0.0008850523124622492
24 841 0.0027621327145271645
24 881 0.0003785808760288383
24 921 0.009280162526534382
24 961 0.018918755308033896
25 1 0.004907684161028581
25 41 0.005513811199544203
25 81 0.0034001988624155245
25 121 0.036032342518491633
25 161 0.03967261045539151
25 201 0.0010119783667318122
25 241 0.00781843813619653
25 281 0.004517593913571565
25 321 0.032602425052502756
25 361 0.009832218982910715
25 401 0.02114367709432808
25 441 0.0008647987680080217
25 481 0.005980341281468528
25 521 0.001496279925362999
25 561 0.0019176596755026197
25 601 0.003305386695972389
25 641 0.0030018173761075444
25 681 0.007664577492533248
25 721 0.0040471450638462775
25 761 0.013135223919077723
25 801 0.0031753456865886856
25 841 0.009092142957345806
25 881 0.0011199542389959969
25 921 0.0293817476659836
25 961 0.05707928009319694
26 1 0.001656361640323133
26 41 0.0022359991522159397
26 81 0.0012424795473020955
26 121 0.012583679748662114
26 161 0.026835196014171756
26 201 0.0002869464231091152
26 241 0.0024029395020302205
26 281 0.001110486072402727
26 321 0.009611032110347612
26 361 0.002806131018360691
26 401 0.0062133789995758104
26 441 0.0002523141626837394
26 481 0.001919398166615009
26 521 0.0004894776082602632
26 561 0.0006929722576333861
26 601 0.000982203563101206
26 641 0.0009782675548586123
26 681 0.002332296654676761
26 721 0.0016527608035098093
26 761 0.0035163011806286877
26 801 0.001020349916940028
26 841 0.0026475594041488345
26 881 0.00034424035667439206
26 921 0.018546051269273982
26 961 0.02833313438803129
27 1 0.0015029397967079548
27 41 0.0024378158211133343
27 81 0.001148619670624669
27 121 0.0045469965290021366
27 161 0.03231564829442291
27 201 0.00026057685111315407
27 241 0.001981234498896344
27 281 0.0008649830139041823
27 321 0.008102650058671466
27 361 0.002450172813723563
27 401 0.0052955609659590085
27 441 0.0002202536851423106
27 481 0.001720659853782376
27 521 0.0004381829410785301
27 561 0.0007414978448232045
27 601 0.0009176125489549629
27 641 0.0008911026014603324
27 681 0.002087423262881879
27 721 0.0016736151629434754
27 761 0.0033898048891657625
27 801 0.000906918492379719
27 841 0.0023908018223163137
27 881 0.0003105582800649066
27 921 0.01832726487817872
27 961 0.025268984165118233
28 1 0.001643888741447862
28 41 0.002866749120126628
28 81 0.0011465089823140494
28 121 0.006125400911176998
28 161 0.02991046113220737
28 201 0.00034020421971329767
28 241 0.0021017300735866017
28 281 0.0009601784115789927
28 321 0.008051832172242281
28 361 0.0029410816553904714
28 401 0.005965453637820392
28 441 0.00027881335533371383
28 481 0.0020452352159484443
28 521 0.0004964971633607922
28 561 0.0011008045494644502
28 601 0.0010586201381706697
28 641 0.001043732694110726
28 681 0.002480460558257321
28 721 0.0023668554832830895
28 761 0.0030321771234914185
28 801 0.0010387322724586172
28 841 0.002834197261574064
28 881 0.00034696442831930196
28 921 0.01827893168245125
28 961 0.028814498497580325
29 1 0.005226974270197434
29 41 0.009499590564162684
29 81 0.0023828538809405235
29 121 0.01974532407776277
29 161 0.052535200620869894
29 201 0.0008404703549638177
29 241 0.0055216559442559845
29 281 0.0028923173050286375
29 321 0.027551106538034907
29 361 0.008555782547978192
29 401 0.01797166961892853
29 441 0.0008553626557438049
29 481 0.006527012061530191
29 521 0.0014568201845209107
29 561 0.0033798485212300005
29 601 0.0026838293930899794
29 641 0.003151992965563396
29 681 0.007897901471828634
29 721 0.008193072346656444
29 761 0.005229686765521649
29 801 0.0023187956261788655
29 841 0.009330429625266007
29 881 0.001039656766519575
29 921 0.039127156797295254
29 961 0.05682282682904062
30 1 0.0012249666267369096
30 41 0.003298389233512228
30 81 0.0008672695778599171
30 121 0.007078892204081891
30 161 0.000579008295358125
30 201 0.0002699547283905841
30 241 0.001517524846737935
30 281 0.0010538782135647454
30 321 0.008241641097261726
30 361 0.0027127995528396496
30 401 0.005794458289757062
30 441 0.0002962487083049717
30 481 0.0023002987946463046
30 521 0.0005554037951190361
30 561 0.0010905986258917537
30 601 0.0010649399480233035
30 641 0.001025219188516543
30 681 0.0026398555331124136
30 721 0.002737046553989007
30 761 0.003797868106472639
30 801 0.0010981295183549354
30 841 0.0033539505178596424
30 881 0.00039053279475180426
30 921 0.015361490513152921
30 961 0.021370229746600716
31 1 0.0023608820533950626
31 41 0.009296085921197348
31 81 0.004190190869006786
31 121 0.02924883381178186
31 161 0.0024539890299743886
31 201 0.0007895471558998509
31 241 0.0034039554939273233
31 281 0.002649600265431593
31 321 0.025393007705302843
31 361 0.007374567808088116
31 401 0.015921173878111847
31 441 0.0008316310167880476
31 481 0.006976607395599857
31 521 0.0014830070135549978
31 561 0.0031260387555561413
31 601 0.003140267713640095
31 641 0.0027994035501424605
31 681 0.008004097390679423
31 721 0.007209518920485191
31 761 0.006697895700966288
31 801 0.003422260345700436
31 841 0.010460827151933094
31 881 0.001042803077815041
31 921 0.029471631347343517
31 961 0.03853819572802923
32 1 0.0009270639711794993
32 41 0.0036316123457341394
32 81 0.0014365508145340515
32 121 0.010929035366129856
32 161 0.0028365027139458966
32 201 0.000301476598164677
32 241 0.0010210538760629202
32 281 0.0008977529715873206
32 321 0.01062231990961587
32 361 0.002389400391933996
32 401 0.005361283479428077
32 441 0.00028845070349040974
32 481 0.002578793829899202
32 521 0.0004779866870152599
32 561 0.0012018100721394424
32 601 0.0011739662175001076
32 641 0.0008700899699866868
32 681 0.002863662932291067
32 721 0.003048579176963357
32 761 0.001081006231014952
32 801 0.0013722531716324725
32 841 0.0036666778983142747
32 881 0.00040048324633389635
32 921 0.011085655537633366
32 961 0.017846175179992207
33 1 0.0009530251669382023
33 41 0.0037115821977656226
33 81 0.0013328791542732436
33 121 0.009909018550345209
33 161 0.0010107523552503753
33 201 0.0002564904717871391
33 241 0.0009002652677347128
33 281 0.0009182585538144894
33 321 0.005886676195514981
33 361 0.002168524120516715
33 401 0.004949183875316947
33 441 0.0002823830869626986
33 481 0.0025090045338239026
33 521 0.0005141085603530341
33 561 0.001192345883647655
33 601 0.0011671623946211834
33 641 0.0007107151019604755
33 681 0.002754978104460555
33 721 0.0031335567128233056
33 761 0.000442349876882321
33 801 0.001360405478359697
33 841 0.003520424453922765
33 881 0.00042035664893183707
33 921 0.01421102522645745
33 961 0.015937969449556718
34 1 0.00104360451448764
34 41 0.004223811307400307
34 81 0.0014908951583717679
34 121 0.008558825387419
34 161 0.0006219002277081261
34 201 0.00025446343105898144
34 241 0.0008661025834980172
34 281 0.0009946812199995814
34 321 0.006871221432225699
34 361 0.0022862361935593076
34 401 0.005369980756502455
34 441 0.0003382255003187043
34 481 0.0028640424767983016
34 521 0.0006005778029824533
34 561 0.0014220054032002137
34 601 0.0013091346483022936
34 641 0.0008056593434119059
34 681 0.0031125752233571295
34 721 0.003080180663853015
34 761 0.00032305408522225555
34 801 0.001610734576586822
34 841 0.003982538247081871
34 881 0.0004637478277168086
34 921 0.015448003365990282
34 961 0.01572078075734949
35 1 0.0027898891435810913
35 41 0.012016559063568917
35 81 0.00406609964830579
35 121 0.02834790028054895
35 161 0.0012774082843375345
35 201 0.0005859102067446857
35 241 0.0022928356464011596
35 281 0.0023942199359917897
35 321 0.0208349304558767
35 361 0.005901538268624375
35 401 0.014213455723947853
35 441 0.0009885066613308686
35 481 0.008010413320046872
35 521 0.0016237616369807585
35 561 0.004006599506007753
35 601 0.0035091087670558914
35 641 0.0022256553794898775
35 681 0.008688727049032115
35 721 0.007626930836930496
35 761 0.0006219701966826897
35 801 0.004786765679690654
35 841 0.011053439236882533
35 881 0.0014405767541690261
35 921 0.029651591786405595
35 961 0.027540500304617115
36 1 0.0010692502940844017
36 41 0.005017037606477344
36 81 0.0015636181920967347
36 121 0.009222438421534595
36 161 0.04511840362761481
36 201 0.00021276619580927927
36 241 0.0008036119299257313
36 281 0.0008967029464006936
36 321 0.008875279137304147
36 361 0.002669169988783739
36 401 0.005282279320716635
36 441 0.0004031369959976938
36 481 0.0031538117301029016
36 521 0.0005494495763410595
36 561 0.0015791645822960478
36 601 0.0013767851476736105
36 641 0.0008649976779424145
36 681 0.003315131952279231
36 721 0.0024263456310401033
36 761 0.00019173190904608935
36 801 0.0019770962647796594
36 841 0.004188021583805957
36 881 0.0005037326468441013
36 921 0.014797201929980889
36 961 0.012421701556452808
37 1 0.0025748622288856806
37 41 0.011548659071204245
37 81 0.003875987621258467
37 121 0.02690284375900029
37 161 0.17118789341278795
37 201 0.0004770919278500649
37 241 0.0010917174583605345
37 281 0.0020354124588838974
37 321 0.023208885732639652
37 361 0.006455793623256891
37 401 0.013477699034590587
37 441 0.0011787763590413729
37 481 0.00850636622611695
37 521 0.0003349044165814096
37 561 0.004143207181454603
37 601 0.003487334373318733
37 641 0.002172464116090523
37 681 0.008817040364812151
37 721 0.004773053624757211
37 761 0.0003453419894154143
37 801 0.005722559970262169
37 841 0.011101997994958505
37 881 0.00033190432594221826
37 921 0.0291443804213781
37 961 0.02676353337791828
38 1 0.001038627350206091
38 41 0.005648902444070476
38 81 0.0016082492980459783
38 121 0.0105599204000579
38 161 0.06937102224368767
38 201 0.00024404683992750145
38 241 0.0006323605186684476
38 281 0.0008256715908356708
38 321 0.009691444441252372
38 361 0.0024648989044320914
38 401 0.005243491981248138
38 441 0.0005041835721434591
38 481 0.0034388222377053097
38 521 0.0007083619779244927
38 561 0.0017123882883554194
38 601 0.0014548771135082347
38 641 0.0007046182255380832
38 681 0.003527757387237166
38 721 0.00202032157816602
38 761 0.00014396803780127062
38 801 0.002379964337577017
38 841 0.004384198204301379
38 881 0.0004470858486146549
38 921 0.01577282806493529
38 961 0.015568565798642795
39 1 0.0009908412865603441
39 41 0.005699117478790364
39 81 0.001570293154284024
39 121 0.010338374314214815
39 161 0.06171170489064193
39 201 0.0002764613381069896
39 241 0.0005545028619108986
39 281 0.0008004671000815115
39 321 0.00967041043182985
39 361 0.0023148003849913965
39 401 0.004897286184391271
39 441 0.0005509287073757008
39 481 0.0034300836449102706
39 521 0.0005013451518252227
39 561 0.0017093316243875756
39 601 0.0014566584379016065
39 641 0.0004999957033251066
39 681 0.0034533419051881223
39 721 0.002141546413596957
39 761 0.000133727641358167
39 801 0.0024516202703281677
39 841 0.00431760498742
39 881 0.0003057278562028917
39 921 0.015282376238115083
39 961 0.0154929809834041
40 1 0.0010225418421693088
40 41 0.006044250118116554
40 81 0.0016543870374747041
40 121 0.010950483712660369
40 161 0.004594178431207091
40 201 0.0002910409910696733
40 241 0.0003864474660329932
40 281 0.0008504343398727692
40 321 0.01043856741803797
40 361 0.0023678853427352873
40 401 0.005117839514442195
40 441 0.0006541780148382267
40 481 0.003718891060474149
40 521 0.0003206553130534198
40 561 0.0018420989707021544
40 601 0.0015742100200067922
40 641 0.00030137603303769623
40 681 0.003641441213933495
40 721 0.0018168077353534597
40 761 0.00013396664517611052
40 801 0.002800316611201222
40 841 0.004627808455947735
40 881 0.00018596354047431673
40 921 0.015820029470790246
40 961 0.016404495072400063
41 1 0.002323173211595547
41 41 0.013492505247217245
41 81 0.0038100724715304838
41 121 0.02689586747859878
41 161 0.0005281759589259639
41 201 0.000815842378205397
41 241 0.0011906534030777542
41 281 0.0018412066054269776
41 321 0.025490472531442192
41 361 0.005257332587481603
41 401 0.011996704290678874
41 441 0.0017664204090756975
41 481 0.009151164265360485
41 521 0.001078703203050746
41 561 0.004495314522404736
41 601 0.0038227958324127597
41 641 0.00042451357934211715
41 681 0.009108097114246688
41 721 0.004650378158907194
41 761 0.00026996298187047214
41 801 0.007277385010186018
41 841 0.011365297475180405
41 881 0.0005028108381347582
41 921 0.028833997813875075
41 961 0.026812441137545568
42 1 0.0009849485212656255
42 41 0.006951131250607021
42 81 0.0016506117110993695
42 121 0.011218311003750245
42 161 0.0006306637869008866
42 201 0.00036915785039151665
42 241 0.00046677388975732497
42 281 0.0008735242615132631
42 321 0.011297372374553175
42 361 0.0021703751857330405
42 401 0.004945062759349552
42 441 0.0008259206127676296
42 481 0.003788226390640341
42 521 0.0006579826542588002
42 561 0.0019528408070344043
42 601 0.0016847079334082816
42 641 0.0003316931042628534
42 681 0.003957288713062762
42 721 0.0022518276487674686
42 761 0.000126940961461297
42 801 0.003136932690934446
42 841 0.004863549922958704
42 881 0.00030905010761395974
42 921 0.01576647613032288
42 961 0.016501650403344035
43 1 0.0021751367513921224
43 41 0.015918789419348774
43 81 0.003679677091902319
43 121 0.026597360480748206
43 161 0.00039444400195144083
43 201 0.000887811886300414
43 241 0.000926089427166005
43 281 0.0018070812840056826
43 321 0.026959923012842002
43 361 0.004787039768597272
43 401 0.011245476522372629
43 441 0.002072303307237044
43 481 0.009151373135453547
43 521 0.0015736695590532089
43 561 0.00459358530932387
43 601 0.003977477837725903
43 641 0.0011650655478953802
43 681 0.00939178803188393
43 721 0.0051219819453904285
43 761 0.0002462797395519685
43 801 0.007744238486207348
43 841 0.011405846010225228
43 881 0.0005737145000082399
43 921 0.02674056904586477
43 961 0.025498738184191898
44 1 0.0009469321849083364
44 41 0.008423164166220541
44 81 0.0016397956036703625
44 121 0.011979481936783143
44 161 0.0003930319587429116
44 201 0.0004181954162068642
44 241 0.0008355799531633895
44 281 0.000885900245465511
44 321 0.011904710930253604
44 361 0.0021356351125162184
44 401 0.004814821524592617
44 441 0.0009772723787434536
44 481 0.0041751380151796805
44 521 0.0005565645463241163
44 561 0.0020590647077492084
44 601 0.0018146136253645204
44 641 0.0006275692077961338
44 681 0.004182572566971605
44 721 0.001912230804068999
44 761 0.00012157310232266908
44 801 0.0034235990188397603
44 841 0.005008301412717761
44 881 0.0008390654962716286
44 921 0.015487015459779097
44 961 0.016437719595817957
45 1 0.0009075558028855084
45 41 0.009110717997734604
45 81 0.0016121136973051573
45 121 0.012928265688325918
45 161 0.000539302315584056
45 201 0.00043375806947243384
45 241 0.0009644903467548258
45 281 0.0007939791166097701
45 321 0.012162989526492151
45 361 0.002130473213349716
45 401 0.004623206360862575
45 441 0.0010186542925689308
45 481 0.004255468018984362
45 521 0.00040067394554014845
45 561 0.0020907209089558116
45 601 0.001866425435096772
45 641 0.0007003125879905999
45 681 0.004218750118574783
45 721 0.001830695145160789
45 761 0.00012036433339355918
45 801 0.0035268413811797624
45 841 0.005034243936723629
45 881 0.0011074175359912525
45 921 0.01494166618000716
45 961 0.016184196150095694
46 1 0.0008872631258251402
46 41 0.009816083045927106
46 81 0.0016179890409257227
46 121 0.013881250340100558
46 161 0.0006053217865181855
46 201 0.00048715360084114793
46 241 0.0010589146489188804
46 281 0.0006914112558233735
46 321 0.01259079279903122
46 361 0.0017544135549234798
46 401 0.004404645924991037
46 441 0.0010524220882879361
46 481 0.004411861656653967
46 521 0.001091688644845543
46 561 0.002164273082776901
46 601 0.001960066148033875
46 641 0.0007650617923569985
46 681 0.004440021282323275
46 721 0.0018571195024019546
46 761 0.00012048167967417488
46 801 0.0038269517997332808
46 841 0.005157771146476318
46 881 0.0007755473264281316
46 921 0.015093286754089184
46 961 0.016209518752341247
47 1 0.001799956981102561
47 41 0.023837948090552903
47 81 0.0033008322858335782
47 121 0.0315143771170797
47 161 0.00033975054428599387
47 201 0.0010592681846113966
47 241 0.002131542116935084
47 281 0.001114283162283296
47 321 0.02734566465623029
47 361 0.0038278251228158703
47 401 0.008015004315464327
47 441 0.002222804337791435
47 481 0.009693176645685891
47 521 0.002410730819103916
47 561 0.004753365537196211
47 601 0.004364323794487497
47 641 0.0017327114665538824
47 681 0.009861489089338033
47 721 0.003953555038510615
47 761 0.00021068053976491883
47 801 0.008699776036422652
47 841 0.011283601631476068
47 881 0.0016114397949571746
47 921 0.023927628156818613
47 961 0.02316414084375875
48 1 0.0008144785800964664
48 41 0.01106832737485983
48 81 0.0015773637302826011
48 121 0.013659002144309578
48 161 0.0005487390031215889
48 201 0.0005845975117872859
48 241 0.0004472780227512427
48 281 0.0006343164806781122
48 321 0.013202105039074489
48 361 0.0016797977785778483
48 401 0.0040385123671697635
48 441 0.0010499912285865517
48 481 0.004698400193450932
48 521 0.0014746187993892978
48 561 0.0022704762740688705
48 601 0.0021202756987361284
48 641 0.0008282387146261404
48 681 0.0046571446870012564
48 721 0.0016895020925581706
48 761 0.00011935752436484929
48 801 0.004109197059980378
48 841 0.005297143780045345
48 881 0.0007488733504676858
48 921 0.015237026726725465
48 961 0.01575611958703548
49 1 0.0016079952511406466
49 41 0.025025874921253775
49 81 0.0030920646477161262
49 121 0.026036102285403304
49 161 0.00035047220410255116
49 201 0.0012541421440310629
49 241 0.00018813882506318885
49 281 0.0011612823994576254
49 321 0.027769012052520317
49 361 0.0039854198897522316
49 401 0.008320110654303348
49 441 0.0023844855274485263
49 481 0.010154432251209848
49 521 0.0029634091622827903
49 561 0.004801440252749339
49 601 0.004552928060869079
49 641 0.0017522453056288225
49 681 0.010264277692417518
49 721 0.003337015659576989
49 761 0.00019720405613009006
49 801 0.008803122441096616
49 841 0.011103779804626518
49 881 0.0016624422737590231
49 921 0.02163324063381296
49 961 0.021144678048836695
50 1 0.0007451397689892216
50 41 0.011192044680547632
50 81 0.0015605799586999609
50 121 0.01135104131889105
50 161 0.0005670435625803234
50 201 0.0005875790314185042
50 241 0.0008764679015214566
50 281 0.0006378620387144693
50 321 0.013713773745645383
50 361 0.0017632944853182221
50 401 0.004106952310750172
50 441 0.0012520790364363029
50 481 0.0049722202841655724
50 521 0.0015434551313927357
50 561 0.0023548159263871832
50 601 0.0022690196377836004
50 641 0.000843067878530652
50 681 0.004874154172069012
50 721 0.0015356229834468265
50 761 0.00011851156456332414
50 801 0.004332454981176579
50 841 0.005298053091472223
50 881 0.0007323088586225668
50 921 0.015169375167856367
50 961 0.012923053113916848
